type w q nm qr ed no co qe eqe qre eqre rq rqr dq dqr
fw 1 0.0972222222222 2 0.222222222222 18 9 0.222222222222 0.243236664166 0.0045688239254 0.265812378565 0.0124534545542 6 143 -0.1460144419438 -0.043590156343
fw 3 0.251932223543 4 0.152542372881 59 22 0.121900826446 0.295149656309 0.00242715224433 0.129835243156 0.007643082973 128 115 -0.043217432766 0.022707129725
fw 4 0.26 3 0.2 5 6 0.138888888889 0.263320559537 0.0101468078412 0.601495447881 0.0205663329515 137 134.5 -0.003320559537 -0.401495447881
fw 5 0.0493827160494 2 0.111111111111 27 9 0.333333333333 0.171284285143 0.0032728572762 0.146598721041 0.0116306103258 1 100 -0.1219015690936 -0.03548760993
fw 6 0.118011193397 3 -0.0526315789474 133 23 0.251417769376 0.166537484964 0.00122489274596 -0.099995526437 0.00656624658193 18 37 -0.048526291567 0.0473639474896
fw 7 0.276664932362 4 0.161290322581 62 27 0.0850480109739 0.339005854204 0.00236833181243 0.176852010528 0.00672708444762 156 116 -0.062340921842 -0.015561687947
fw 8 0.131198347107 2 0.363636363636 22 10 0.22 0.234939356343 0.00400986017457 0.226376153645 0.011740923152 27 190.5 -0.103741009236 0.137260209991
fw 9 0.417961865086 5 0.417721518987 79 37 0.0577063550037 0.38280234821 0.0021685304806 0.203245820577 0.00566142178666 268 210 0.035159516876 0.21447569841
fw 10 0.227040816327 3 0.142857142857 14 10 0.14 0.321946477491 0.00572951171693 0.390350245913 0.0136652154515 103 109.5 -0.094905661164 -0.247493103056
fw 11 0.365 3 0.4 20 14 0.102040816327 0.368328763252 0.00472678219524 0.379185201451 0.0112323055166 234 205.5 -0.00332876325199999 0.020814798549
fw 12 0.210064635272 3 0.0877192982456 57 21 0.12925170068 0.28221628994 0.00237831540611 0.116867831682 0.00741206616738 92 93 -0.072151654668 -0.0291485334364
fw 13 0.3 2 0.6 10 8 0.15625 0.301643643693 0.00691689443846 0.439586377322 0.0163470005529 181 256 -0.00164364369300002 0.160413622678
fw 14 0.256143667297 3 0.391304347826 23 13 0.136094674556 0.306783664639 0.00420472676348 0.286816326912 0.0111358377485 132 202 -0.050639997342 0.104488020914
fw 15 0.310185185185 5 0.0555555555556 36 19 0.0997229916898 0.346896329346 0.00329253777785 0.262094900855 0.00843177103839 189 82 -0.036711144161 -0.2065393452994
fw 16 0.444636678201 4 0.529411764706 17 14 0.0867346938776 0.403526947513 0.00543284818729 0.44548924114 0.0121994966153 276 240 0.041109730688 0.0839225235660001
fw 17 0.40625 3 0.5 12 11 0.099173553719 0.385101233783 0.00637970860006 0.487410472072 0.0147522914364 261 231.5 0.021148766217 0.012589527928
fw 18 0.123265483114 4 -0.211822660099 203 29 0.241379310345 0.158221616138 0.00100772562478 -0.154739737264 0.00588682471529 23 6 -0.034956133024 -0.057082922835
fw 19 0.369385613401 3 0.750452079566 553 75 0.0983111111111 0.1941766231 0.000613241590695 -0.240681985694 0.00343053699911 238.5 273.5 0.175208990301 0.99113406526
fw 20 0.531570489408 8 0.497297297297 370 154 0.015601281835 0.417066226928 0.00105388702817 0.0898385683362 0.00265046070862 285 229 0.11450426248 0.4074587289608
fw 21 0.20234547065 4 -0.0169491525424 708 108 0.0606995884774 0.222462381282 0.000572677510629 -0.228733921156 0.00286935749901 87 57 -0.020116910632 0.2117847686136
fw 22 0.442708333333 5 0.527777777778 72 33 0.0661157024793 0.371310514474 0.00235744790878 0.195943636031 0.0062127875806 275 238 0.071397818859 0.331834141747
fw 23 0.151766709238 4 -0.0242214532872 289 30 0.321111111111 0.121643564471 0.000739930715922 -0.215386140118 0.00572793608471 40 53 0.030123144767 0.1911646868308
fw 24 0.257396449704 2 0.538461538462 26 13 0.153846153846 0.28741452159 0.00377068478094 0.234123237966 0.0105016376017 135 244 -0.030018071886 0.304338300496
fw 25 0.207584129111 5 -0.158940397351 1510 156 0.0620479947403 0.180216634915 0.000368005035507 -0.338783866036 0.00240300680518 90 13 0.027367494196 0.179843468685
fw 26 0.659370350067 8 0.681415929204 113 75 0.0200888888889 0.524555679894 0.00213931700983 0.355520602507 0.00472553453032 288 268 0.134814670173 0.325895326697
fw 27 0.361467228158 4 0.369263157895 2375 181 0.072494734593 0.151146087054 0.00030484758889 -0.401871691894 0.00234225260756 230 194 0.210321141104 0.771134849789
fw 28 0.184143916438 3 0.0611510791367 556 50 0.2224 0.134973043416 0.000581885844332 -0.283075020773 0.00442948993785 69 85 0.049170873022 0.3442260999097
fw 29 0.130972708779 3 0.0505731625084 1483 81 0.226032616979 0.105440678487 0.000331085191942 -0.396108283469 0.00332659195124 26 78 0.025532030292 0.4466814459774
fw 30 0.0668057903635 3 -0.205263157895 380 35 0.310204081633 0.114371095846 0.000637040489764 -0.24950197966 0.0053064020386 2 7 -0.0475653054825 0.044238821765
fw 31 0.262576523822 5 0.0316742081448 221 48 0.0959201388889 0.252850684612 0.00106886918122 -0.080756936943 0.0044011481335 141 74 0.00972583920999998 0.1124311450878
fw 32 0.257164800943 4 0.192660550459 218 44 0.112603305785 0.235772517149 0.0010632297981 -0.0969369733712 0.0048205218262 134 131 0.021392283794 0.2895975238302
fw 33 0.163171170026 6 -0.293269230769 832 112 0.0663265306122 0.205188510975 0.000509834572793 -0.265228574797 0.00271752235888 45 1 -0.042017340949 -0.028040655972
fw 34 0.291476407915 3 0.545454545455 220 56 0.0701530612245 0.272130497408 0.00110349976673 -0.0578337876401 0.00411495338242 172 249 0.019345910507 0.6032883330951
fw 35 0.199167657551 2 0.51724137931 29 13 0.171597633136 0.264655469152 0.00341137321788 0.200124186283 0.0101458879093 82 235.5 -0.065487811601 0.317117193027
fw 36 0.318362778679 3 0.386973180077 261 50 0.1044 0.2245473195 0.000908753522361 -0.13592039775 0.00420171468405 198 199 0.093815459179 0.522893577827
fw 37 0.419650404541 3 0.672131147541 183 53 0.065147739409 0.294389740396 0.00123113093043 -0.0143401803904 0.00415886367633 269 267 0.125260664145 0.6864713279314
fw 38 0.361635993003 3 0.715355805243 267 56 0.0851403061224 0.243578615116 0.000944544238012 -0.115642291316 0.0040222697037 231 272 0.118057377887 0.830998096559
fw 39 0.376678175996 3 0.780487804878 328 61 0.0881483472185 0.22998659716 0.000838686695167 -0.154628443763 0.0037654020304 241 278 0.146691578836 0.935116248641
fw 40 0.1065625 3 -0.0413223140496 121 30 0.134444444444 0.229939155613 0.00138515932681 -0.0441301412798 0.00593141298841 10 41 -0.123376655613 0.0028078272302
fw 41 0.369385613401 3 0.750452079566 553 75 0.0983111111111 0.194299582176 0.000603859157863 -0.242808027234 0.0034840632592 238.5 273.5 0.175086031225 0.9932601068
fw 42 0.290858725762 3 0.263157894737 19 15 0.0844444444444 0.375156867058 0.00459959439608 0.389130545782 0.0111087917301 171 159 -0.084298141296 -0.125972651045
fw 43 0.386751211911 3 0.803921568627 153 41 0.0910172516359 0.268233937005 0.00127567104056 -0.0242586073049 0.00470441021255 250 284 0.118517274906 0.8281801759319
fw 44 0.38589378333 3 0.694915254237 118 35 0.0963265306122 0.280328568218 0.00156958840193 0.0227572070568 0.00545443405347 248 269 0.105565215112 0.6721580471802
fw 45 0.295582986318 3 0.349397590361 83 36 0.0640432098765 0.34646145312 0.00206221988261 0.14193616672 0.00599824549273 176 188 -0.050878466802 0.207461423641
fw 46 0.195 3 0.2 10 8 0.15625 0.300929410259 0.00638333950752 0.43948250109 0.0157337880845 72 134.5 -0.105929410259 -0.23948250109
fw 47 0.151365258775 3 0.802884615385 416 54 0.142661179698 0.177009337005 0.000680290909573 -0.229920430224 0.00396190149095 39 283 -0.02564407823 1.032805045609
fw 48 0.390954943435 3 0.703349282297 418 65 0.0989349112426 0.208242307458 0.000731453531835 -0.202396599558 0.00351811508718 251 270 0.182712635977 0.905745881855
fw 49 0.363888888889 4 0.409836065574 61 32 0.0595703125 0.374592025644 0.00250654754811 0.216328486506 0.00645098977695 233 208.5 -0.010703136755 0.193507579068
fw 50 0.379464285714 3 0.428571428571 28 19 0.0775623268698 0.380511036669 0.00386877318655 0.333728092811 0.00940910499572 244 212.5 -0.00104675095500001 0.09484333576
fw 51 0.251074380165 3 0.275862068966 58 22 0.119834710744 0.285023079826 0.00244407911597 0.118347165402 0.00768113220745 127 162 -0.033948699661 0.157514903564
fw 52 0.347967194421 2 0.710526315789 152 39 0.0999342537804 0.260234144611 0.00132091983186 -0.0298021826994 0.00503454835652 217 271 0.08773304981 0.7403284984884
fw 53 0.263643193771 3 0.409836065574 122 32 0.119140625 0.253317645751 0.00147446722732 -0.0122211039268 0.0055010279959 142 208.5 0.01032554802 0.4220571695008
fw 54 0.31702062173 2 0.649122807018 57 22 0.117768595041 0.291696266182 0.00241732899418 0.121818531006 0.00724069459666 196 265 0.025324355548 0.527304276012
fw 55 0.332713359549 3 0.448979591837 98 40 0.06125 0.341934608302 0.00187978808268 0.118193032369 0.00552045339874 208 218 -0.00922124875300001 0.330786559468
fw 56 0.297163146936 3 0.757575757576 165 44 0.0852272727273 0.270500277187 0.00130002324785 -0.0284296872395 0.00473247182374 178 275 0.026662869749 0.7860054448155
fw 57 0.210743801653 3 0.454545454545 11 9 0.135802469136 0.320385339957 0.00612875963037 0.428924215336 0.0150537222076 93 220 -0.109641538304 0.025621239209
fw 58 0.232595407614 3 0.320754716981 212 45 0.104691358025 0.235311167691 0.00102826494267 -0.0958793618425 0.00448741956301 107 180 -0.002715760077 0.4166340788235
fw 59 0.3536 4 0.28 25 16 0.09765625 0.351826999762 0.00402050086412 0.311961128716 0.00997238341076 220 164 0.00177300023800003 -0.031961128716
fw 60 0.235172193878 4 0.112426035503 169 41 0.100535395598 0.25246585149 0.00124673666046 -0.0534708122133 0.00477484715128 110 101 -0.017293657612 0.1658968477163
fw 61 0.176658163265 4 0.0114942528736 87 24 0.151041666667 0.236274444455 0.00171836140328 0.0069171554549 0.00659351161705 58 67 -0.05961628119 0.0045770974187
fw 62 0.308042894594 3 0.628721541156 571 72 0.110146604938 0.184795349241 0.00059008804717 -0.249858856415 0.00361380984446 187 260 0.123247545353 0.878580397571
fw 63 0.381421267399 3 0.647058823529 255 49 0.106205747605 0.229182877509 0.000951563554242 -0.120289725155 0.0043216089641 246 264 0.15223838989 0.767348548684
fw 64 0.392108804306 2 0.78431372549 102 35 0.0832653061224 0.300052920185 0.00164447511788 0.0584070034501 0.00521569217694 252 280 0.092055884121 0.7259067220399
fw 65 0.271615133702 3 0.429256594724 417 65 0.0986982248521 0.206440007404 0.00072912824786 -0.201666143088 0.00381908340082 149 215 0.065175126298 0.630922737812
fw 66 0.183103221565 4 0 118 35 0.0963265306122 0.272373329118 0.00148209631968 0.00952458424038 0.0054114620822 66 62.5 -0.089270107553 -0.00952458424038
fw 67 0.248206765699 2 0.5 148 31 0.154006243496 0.219239388766 0.00131316043336 -0.0665889315643 0.00551057286298 126 231.5 0.028967376933 0.5665889315643
fw 68 0.355 3 0.4 20 14 0.102040816327 0.372834171937 0.00484924611277 0.378555421175 0.0114819052589 222 205.5 -0.017834171937 0.021444578825
fw 69 0.415925195802 3 0.824817518248 137 41 0.081499107674 0.287272901164 0.00147188974266 0.0124682158943 0.0049596589705 265 285 0.128652294638 0.8123493023537
fw 70 0.179039158157 3 0.311740890688 247 52 0.0913461538462 0.239006675274 0.000949370202772 -0.111749926129 0.00409341255281 60 178 -0.059967517117 0.423490816817
fw 71 0.23943359375 3 0.428571428571 161 37 0.117604090577 0.238944751755 0.00124250439455 -0.0664720238686 0.00517157380692 119 212.5 0.000488841995000017 0.4950434524396
fw 72 0.323264746228 3 0.63768115942 138 33 0.126721763085 0.240715676181 0.00140610898464 -0.0431693438266 0.00552722869903 203 262 0.082549070047 0.6808505032466
fw 73 0.392878397143 3 0.802816901408 71 30 0.0788888888889 0.328946249491 0.00220930366104 0.142250413016 0.00614526341871 253 282 0.063932147652 0.660566488392
fw 74 0.275291141387 3 0.619047619048 273 50 0.1092 0.220922086823 0.000916679185269 -0.146599344272 0.00414098198396 154 258 0.054369054564 0.76564696332
fw 75 0.32016722624 3 0.486033519553 179 42 0.101473922902 0.249063391567 0.00117977544415 -0.0657752010969 0.00473438100943 201 226 0.071103834673 0.5518087206499
fw 76 0.283666846944 3 0.348837209302 43 22 0.0888429752066 0.338969340053 0.00305571929743 0.225856535456 0.007820484446 164 187 -0.055302493109 0.122980673846
fw 77 0.198602526203 3 0.245901639344 61 24 0.105902777778 0.296644735835 0.00230994955799 0.122598031085 0.00704423101739 81 153 -0.098042209632 0.123303608259
fw 78 0.274318237156 3 0.6 225 44 0.116219008264 0.223716138126 0.00102220116235 -0.117318571963 0.004574883354 151 256 0.05060209903 0.717318571963
fw 79 0.309073724008 3 0.478260869565 23 14 0.117346938776 0.338901944468 0.00410741695687 0.317848830121 0.0105982900057 188 224 -0.02982822046 0.160412039444
fw 80 0.348193872885 3 0.487804878049 82 29 0.0975029726516 0.297204893337 0.00190546366647 0.0843249845594 0.00615551709433 218 228 0.050988979548 0.4034798934896
fw 81 0.368827160494 2 0.888888888889 36 22 0.0743801652893 0.375559679902 0.00335778030749 0.291076363149 0.00833164371359 237 288.5 -0.00673251940800002 0.59781252574
fw 82 0.337939342404 3 0.644970414201 169 41 0.100535395598 0.252695965287 0.00122403727174 -0.0527828220465 0.00483445014263 213 263 0.085243377117 0.6977532362475
fw 83 0.337683090937 3 0.544483985765 281 53 0.100035599858 0.226514784436 0.000946447217129 -0.137954012041 0.00435804647647 212 248 0.111168306501 0.682437997806
fw 84 0.396193771626 3 0.529411764706 17 13 0.100591715976 0.360985230962 0.0051933205932 0.390213069056 0.0126790736062 257 240 0.035208540664 0.13919869565
fw 85 0.356111111111 3 0.533333333333 60 26 0.0887573964497 0.329800114665 0.00245251131805 0.163815369037 0.00654389644178 223 242 0.026310996446 0.369517964296
fw 86 0.381246281975 3 0.78313253012 83 31 0.0863683662851 0.314091033626 0.00191579926005 0.102894577695 0.00599144527684 245 279 0.067155248349 0.680237952425
fw 87 0.195967078189 3 0.176470588235 136 32 0.1328125 0.233288914294 0.00136192836742 -0.050229033912 0.00556790143507 76 123 -0.037321836105 0.226699622147
fw 88 0.393424036281 3 0.571428571429 42 27 0.0576131687243 0.400032358588 0.00313998234692 0.306927058619 0.00750870007986 254 253 -0.00660832230700004 0.26450151281
fw 89 0.483343248067 4 0.512195121951 41 27 0.0562414266118 0.430701281985 0.00322077545619 0.348780916453 0.0078393147656 282 234 0.052641966082 0.163414205498
fw 90 0.25244140625 3 0.1875 32 17 0.110726643599 0.338697093827 0.00364469649544 0.269265399333 0.00995295321344 129 127 -0.086255687577 -0.081765399333
fw 91 0.235207100592 4 0 26 15 0.115555555556 0.337629822051 0.00383696194175 0.297584842788 0.00993068721065 111 62.5 -0.102422721459 -0.297584842788
fw 92 0.449444444444 4 0.466666666667 30 19 0.0831024930748 0.394658902877 0.00377482954667 0.349464356697 0.00918977560062 277 222 0.054785541567 0.11720230997
fw 93 0.18 2 0.428571428571 21 10 0.21 0.242150776606 0.00421504734852 0.23066603257 0.0126732738715 61.5 212.5 -0.062150776606 0.197905396001
fw 94 0.413243320885 4 0.627118644068 59 28 0.0752551020408 0.36340017957 0.00260961711507 0.20928760849 0.00676614969221 264 259 0.049843141315 0.417831035578
fw 95 0.322359396433 3 0.333333333333 27 15 0.12 0.330003728914 0.00375136021383 0.283551086438 0.00977317203585 202 183 -0.00764433248099999 0.049782246895
fw 96 0.28549382716 3 0.333333333333 18 12 0.125 0.338687292645 0.00497610172794 0.352833269498 0.0121506934402 167 183 -0.053193465485 -0.019499936165
fw 97 0.407955292571 3 0.487179487179 39 25 0.0624 0.418576181689 0.00330556147924 0.339568516965 0.00748309139241 262 227 -0.010620889118 0.147610970214
fw 98 0.441527777778 5 0.366666666667 60 34 0.0519031141869 0.419568075807 0.00264770428823 0.283164561916 0.00631923315468 274 192 0.021959701971 0.083502104751
fw 99 0.360618014464 3 0.538461538462 39 22 0.0805785123967 0.381270867395 0.00328183631417 0.286919536065 0.00830269471545 228 244 -0.020652852931 0.251542002397
fw 100 0.683881715952 6 0.795918367347 49 45 0.0241975308642 0.571987730277 0.00328296085559 0.523830112764 0.00675397550178 289 281 0.111893985675 0.272088254583
fw 101 0.424081632653 3 0.542857142857 35 22 0.0723140495868 0.39759345613 0.0035598700503 0.328025641301 0.00881546978477 271 246.5 0.026488176523 0.214831501556
fw 102 0.502162629758 4 0.588235294118 34 24 0.0590277777778 0.446211720564 0.00366094066819 0.395269102419 0.00848128674806 283 254 0.055950909194 0.192966191699
fw 103 0.183662851197 4 0.1875 32 14 0.163265306122 0.276194642364 0.00349762392843 0.201164283479 0.0100510876945 67 127 -0.092531791167 -0.013664283479
fw 104 0.103806228374 2 0.294117647059 51 14 0.260204081633 0.191439928809 0.00232013025777 0.0617249185261 0.0089508348165 8 169 -0.087633700435 0.2323927285329
fw 105 0.10650887574 2 0.307692307692 52 14 0.265306122449 0.190905895694 0.00231574727586 0.0595703340159 0.00872209093289 9 176.5 -0.084397019954 0.2481219736761
fw 106 0.399038461538 5 0.346153846154 52 33 0.0477502295684 0.435859410526 0.00276424236427 0.323413899569 0.00645075372333 258 186 -0.036820948988 0.022739946585
fw 107 0.163923182442 2 0.333333333333 27 12 0.1875 0.257237993903 0.00361671134663 0.208141785274 0.0106322633138 46 183 -0.093314811461 0.125191548059
fw 108 0.147762345679 2 0.388888888889 36 13 0.213017751479 0.231535927311 0.00302412207809 0.138362388988 0.00958400198306 37 200 -0.083773581632 0.250526499901
fw 109 0.306440443213 5 0.0526315789474 38 22 0.0785123966942 0.379382491772 0.00331958540315 0.291718473252 0.00808300072256 186 79.5 -0.072942048559 -0.2390868943046
fw 110 0.416251697601 3 0.829787234043 47 25 0.0752 0.379207465694 0.00289149003966 0.262946670755 0.00738224509387 266 286 0.037044231907 0.566840563288
fw 111 0.208476454294 5 -0.136842105263 95 31 0.098855359001 0.289817359352 0.00179912075993 0.0636308947425 0.00590428083498 91 16 -0.081340905058 -0.2004730000055
fw 112 0.3576 5 0.146666666667 75 37 0.054784514244 0.392404309466 0.00238082645409 0.21964658275 0.00590870116642 224 113 -0.034804309466 -0.072979916083
fw 113 0.324704142012 2 0.769230769231 26 13 0.153846153846 0.291589337888 0.00387179867599 0.247143038914 0.0106217611305 204 277 0.033114804124 0.522087730317
fw 114 0.304444444444 3 0.333333333333 15 11 0.123966942149 0.337574773065 0.0054535747123 0.389473701341 0.0133419107971 184 183 -0.033130328621 -0.056140368008
fw 115 0.266087278107 3 0.230769230769 52 19 0.14404432133 0.277208021405 0.00251722352196 0.128475617315 0.00803177521559 144 146.5 -0.011120743298 0.102293613454
fw 116 0.199380165289 3 0.0909090909091 44 16 0.171875 0.255297237508 0.0027213558322 0.124565288166 0.00874331439012 83 94.5 -0.055917072219 -0.0336561972569
fw 117 0.325996430696 4 0.219512195122 41 21 0.092970521542 0.358466471824 0.0031320154616 0.253343940132 0.00829702767127 205 142 -0.032470041128 -0.03383174501
fw 118 0.173008323424 2 0.51724137931 29 12 0.201388888889 0.242496154317 0.00332113839508 0.177757924101 0.0103076285477 53 235.5 -0.069487830893 0.339483455209
fw 119 0.18 2 0.4 20 11 0.165289256198 0.280437879812 0.00441957501765 0.281164857789 0.0117297377953 61.5 205.5 -0.100437879812 0.118835142211
fw 120 0.160034602076 3 0.147058823529 68 19 0.18836565097 0.223813768197 0.00205969727453 0.0300490797269 0.00764937419101 44 114 -0.063779166121 0.1170097438021
fw 121 0.3822 4 0.32 50 27 0.0685871056241 0.396078616205 0.00293088443612 0.277583901631 0.00715395684561 247 179 -0.013878616205 0.042416098369
fw 122 0.27625 3 0.3 20 13 0.118343195266 0.347278105555 0.00466568439966 0.358144974501 0.0114810981945 155 171.5 -0.071028105555 -0.058144974501
fw 123 0.235 3 0.2 20 12 0.138888888889 0.312323690301 0.00436610713401 0.309419476585 0.0110077345038 109 134.5 -0.077323690301 -0.109419476585
fw 124 0.319444444444 2 0.666666666667 6 7 0.122448979592 0.307197659416 0.00954472698842 0.579183931188 0.0196622926351 199 266 0.012246785028 0.087482735479
fw 125 0.310964083176 3 0.391304347826 23 14 0.117346938776 0.345174168308 0.00437462995378 0.327372130722 0.0107292606605 191 202 -0.034210085132 0.063932217104
fw 126 0.404300567108 5 0.260869565217 46 25 0.0736 0.385233063217 0.00295034868343 0.272329030637 0.00750036306034 259 157 0.019067503891 -0.01145946542
fw 127 0.378775510204 4 0.542857142857 35 22 0.0723140495868 0.403333778242 0.00358901510692 0.337616087736 0.00873027929234 243 246.5 -0.024558268038 0.205241055121
fw 128 0.37669094693 5 0.290322580645 31 22 0.0640495867769 0.431664583535 0.00395824405851 0.393622462365 0.00894286955228 242 168 -0.054973636605 -0.10329988172
fw 129 0.314049586777 3 0.363636363636 22 15 0.0977777777778 0.372529659363 0.00451436661032 0.365448986137 0.0109132236583 193 190.5 -0.058480072586 -0.00181262250100001
fw 130 0.271604938272 2 0.555555555556 18 12 0.125 0.33689244181 0.00501777145093 0.357972513056 0.0118890251168 148 251.5 -0.065287503538 0.1975830425
fw 131 0.310546875 3 0.5 16 12 0.111111111111 0.356791251264 0.00550182370978 0.401617556087 0.0129357763328 190 231.5 -0.046244376264 0.098382443913
fw 132 0.116343490305 2 0.368421052632 19 9 0.234567901235 0.230601167539 0.00418634846563 0.240518848555 0.0125796513374 16 193 -0.114257677234 0.127902204077
fw 133 0.512396694215 5 0.454545454545 22 18 0.0679012345679 0.436633055208 0.00464268449953 0.445983783245 0.0105390912531 284 220 0.075763639007 0.00856167130000002
fw 134 0.334022038567 4 0.242424242424 66 30 0.0733333333333 0.364271857653 0.00251933860239 0.20046837903 0.00638059054249 210 152 -0.030249819086 0.041955863394
fw 135 0.354080578512 5 0.227272727273 44 25 0.0704 0.398021196723 0.00328862369228 0.297097448835 0.00799059108648 221 145 -0.043940618211 -0.069824721562
fw 136 0.393775510204 4 0.371428571429 70 33 0.0642791551882 0.382185023742 0.00238682621495 0.212416395664 0.00591344077748 255 195 0.011590486462 0.159012175765
fw 137 0.285123966942 3 0.454545454545 11 9 0.135802469136 0.31823736705 0.00617771393456 0.430643472858 0.0150369834378 166 220 -0.033113400108 0.023901981687
fw 138 0.35798816568 4 0.384615384615 13 12 0.0902777777778 0.393142871489 0.00620848043551 0.482712267749 0.0140425404179 225 198 -0.035154705809 -0.098096883134
fw 139 0.143377777778 3 -0.04 75 18 0.231481481481 0.196763136102 0.00187375545357 0.00441813892083 0.0077930680624 33 42 -0.053385358324 -0.04441813892083
fw 140 0.339285714286 3 0.428571428571 28 19 0.0775623268698 0.397471999588 0.00399080523029 0.359777618081 0.00959348079262 214 212.5 -0.058186285302 0.06879381049
fw 141 0.108436992969 3 -0.116279069767 43 16 0.16796875 0.255009858285 0.0028021980787 0.128055821329 0.0090261575581 13 21 -0.146572865316 -0.244334891096
fw 142 0.179012345679 2 0.555555555556 18 10 0.18 0.267142772809 0.00454581558426 0.273591640144 0.0123005435784 59 251.5 -0.08813042713 0.281963915412
fw 143 0.19575962539 4 -0.0967741935484 62 21 0.140589569161 0.267639853493 0.00224765787966 0.0846626806772 0.00728072851379 75 25 -0.071880228103 -0.1814368742256
fw 144 0.42138671875 5 0.375 32 22 0.0661157024793 0.423524691447 0.0037094679436 0.380484254137 0.00874002601073 270 196 -0.002137972697 -0.00548425413699999
fw 145 0.326515293676 4 0.232876712329 73 29 0.0868014268728 0.329485464436 0.00216929582143 0.142296397664 0.00598746047516 206 148 -0.00297017076 0.090580314665
fw 146 0.345588235294 4 0.235294117647 34 20 0.085 0.381819125315 0.00360589834596 0.313934083542 0.00882926248787 216 149 -0.036230890021 -0.078639965895
fw 147 0.197066326531 4 -0.0714285714286 28 14 0.142857142857 0.298783911157 0.00369328176589 0.243046085061 0.0104466456384 78 32 -0.101717584626 -0.3144746564896
fw 148 0.36083984375 3 0.4375 32 16 0.125 0.319481112485 0.00338565172732 0.245507916877 0.00943642866094 229 216 0.041358731265 0.191992083123
fw 149 0.26025390625 3 0.1875 32 17 0.110726643599 0.338102079542 0.00354368740948 0.269011848348 0.00933619070954 138 127 -0.077848173292 -0.081511848348
fw 150 0.153333333333 4 -0.0666666666667 15 10 0.15 0.303072474079 0.00537583490186 0.346239347084 0.0134834842236 41 33.5 -0.149739140746 -0.4129060137507
fw 151 0.425154320988 4 0.444444444444 36 21 0.0816326530612 0.380420617671 0.0033879657967 0.301834166154 0.00863678372485 272 217 0.044733703317 0.14261027829
fw 152 0.214285714286 3 0.142857142857 14 9 0.172839506173 0.277933523716 0.00556234855162 0.32312400676 0.0135395441678 97 109.5 -0.06364780943 -0.180266863903
fw 153 0.463667820069 3 0.764705882353 17 14 0.0867346938776 0.404413246433 0.00517233777769 0.449650079617 0.0119879321551 279 276 0.059254573636 0.315055802736
fw 154 0.2421875 4 0.0833333333333 24 13 0.14201183432 0.304411158372 0.00396154527132 0.266698595347 0.0103058451437 122 91 -0.062223658372 -0.1833652620137
fw 155 0.367626886145 4 0.259259259259 27 16 0.10546875 0.354779377186 0.00396913225186 0.312120756687 0.00995296053034 236 156 0.012847508959 -0.052861497428
fw 156 0.478596908442 3 0.862068965517 29 21 0.0657596371882 0.432933382997 0.00433926189873 0.403600310863 0.00996655504628 280 287 0.045663525445 0.458468654654
fw 157 0.2824 4 0.2 25 15 0.111111111111 0.343380362619 0.00412163164005 0.309665355846 0.0102236644709 161 134.5 -0.060980362619 -0.109665355846
fw 158 0.302959183673 3 0.485714285714 70 27 0.0960219478738 0.31882988438 0.00220443184717 0.136435931152 0.00631276764586 182 225 -0.015870700707 0.349278354562
fw 159 0.281163434903 3 0.263157894737 19 12 0.131944444444 0.32858302797 0.00469328556657 0.339359954965 0.0119330737574 159 159 -0.047419593067 -0.076202060228
fw 160 0.232142857143 3 0.285714285714 14 10 0.14 0.316481291765 0.00554386530226 0.375270976343 0.0136972083322 106 167 -0.084338434622 -0.089556690629
fw 161 0.254399643573 3 0.283582089552 67 25 0.1072 0.302604963419 0.00226994046213 0.117725973448 0.00653790773297 130 166 -0.048205319846 0.165856116104
fw 162 0.212665406427 3 0.217391304348 23 12 0.159722222222 0.293152659247 0.00402645619171 0.266079152881 0.0108875445232 95 141 -0.08048725282 -0.048687848533
fw 163 0.479175343607 4 0.551020408163 49 27 0.0672153635117 0.397698759223 0.00302132570799 0.284717482564 0.00722211824829 281 250 0.081476584384 0.266302925599
fw 164 0.235938641344 3 0.189189189189 37 16 0.14453125 0.290032033728 0.00308487654278 0.190729889412 0.00899404594691 113 129.5 -0.054093392384 -0.00154070022300001
fw 165 0.16875 4 -0.1 20 12 0.138888888889 0.309791368102 0.00456908880202 0.307616691689 0.0116841230371 49 24 -0.141041368102 -0.407616691689
fw 166 0.139455782313 3 -0.047619047619 42 16 0.1640625 0.264630420771 0.00280076631927 0.142894646012 0.0087367095471 32 39 -0.125174638458 -0.190513693631
fw 167 0.28271484375 4 0.125 32 18 0.0987654320988 0.357520441627 0.003585149044 0.290095455307 0.00901376392859 162 104 -0.074805597877 -0.165095455307
fw 168 0.189453125 3 0.25 16 10 0.16 0.2974715247 0.00519443367827 0.336211718747 0.0133486118285 71 154.5 -0.1080183997 -0.086211718747
fw 169 0.371466140697 4 0.333333333333 39 22 0.0805785123967 0.382608106778 0.00335506112752 0.293909230594 0.00840210441329 240 183 -0.011141966081 0.039424102739
fw 170 0.434911242604 3 0.538461538462 13 10 0.13 0.337967119798 0.00588289697389 0.416072502478 0.0141001200023 273 244 0.096944122806 0.122389035984
fw 171 0.560185185185 4 0.888888888889 18 18 0.0555555555556 0.483433295504 0.00532833315696 0.539018397206 0.0113517532086 287 288.5 0.0767518896810001 0.349870491683
fw 172 0.232653061224 4 0.0571428571429 70 26 0.103550295858 0.305934062911 0.00218062012509 0.120878329739 0.0063815736799 108 84 -0.073281001687 -0.0637354725961
fw 173 0.283933518006 3 0.263157894737 19 12 0.131944444444 0.325335329205 0.00487591186718 0.338815831177 0.0123955265494 165 159 -0.041401811199 -0.07565793644
fw 174 0.413194444444 3 0.5 12 10 0.12 0.347977075901 0.00595884561978 0.439676962641 0.0141694189964 263 231.5 0.065217368543 0.060323037359
fw 175 0.1015625 3 0.125 16 9 0.197530864198 0.254159822067 0.00473119297462 0.294705355148 0.012759415179 7 104 -0.152597322067 -0.169705355148
fw 176 0.240484429066 3 0.176470588235 17 11 0.140495867769 0.308122072526 0.00478747212029 0.3305803989 0.0118703032046 120 123 -0.06763764346 -0.154109810665
fw 177 0.258711374096 4 0.025641025641 39 17 0.134948096886 0.294100765139 0.00307534798196 0.18648649718 0.00868321299486 136 70 -0.035389391043 -0.160845471539
fw 178 0.288463558076 5 0.0289855072464 138 48 0.0598958333333 0.337757728574 0.00149944762987 0.0748403771102 0.00439221105214 170 72 -0.049294170498 -0.0458548698638
bi 1 0.359861591696 3 0.529411764706 17 16 0.06640625 0.42114482467 0.00509765545178 0.470149995658 0.0113011423125 226 240 -0.061283232974 0.0592617690480001
bi 2 0.19625 3 0.3 20 16 0.078125 0.378672888771 0.00459457247965 0.388328627409 0.0108387487831 77 171.5 -0.182422888771 -0.088328627409
bi 3 0.352607709751 4 0.238095238095 21 17 0.0726643598616 0.407576063366 0.00461269515936 0.420677407332 0.0103328526402 219 150.5 -0.054968353615 -0.182582169237
bi 4 0.405864197531 6 0.166666666667 36 27 0.0493827160494 0.45255067171 0.0035085096239 0.398475918399 0.00793781000481 260 118.5 -0.046686474179 -0.231809251732
bi 5 0.303402646503 3 0.304347826087 23 18 0.070987654321 0.392859653402 0.00431584429703 0.381853918203 0.0100355213186 183 174.5 -0.089457006899 -0.077506092116
bi 6 0.342249657064 4 0.185185185185 27 20 0.0675 0.411048938735 0.00409219475707 0.38246863022 0.00955774914478 215 125 -0.068799281671 -0.197283445035
bi 7 0.306326530612 6 -0.0285714285714 70 37 0.0511322132944 0.399350583069 0.0024226172653 0.236530526328 0.00580749529953 185 49 -0.093024052457 -0.2651019548994
bi 8 0.319584775087 5 0.0823529411765 85 43 0.0459707950243 0.39742572115 0.0022717502723 0.210915844459 0.0057135832872 200 90 -0.077840946063 -0.1285629032825
bi 9 0.365784499055 5 0.391304347826 23 19 0.0637119113573 0.431197398349 0.00433780297551 0.440051193529 0.00996952996304 235 202 -0.065412899294 -0.048746845703
bi 10 0.1435546875 4 -0.125 32 18 0.0987654320988 0.332009582262 0.00343089216971 0.252854824568 0.00883341445659 34 18.5 -0.188454894762 -0.377854824568
bi 11 0.216918714556 4 -0.0434782608696 46 23 0.0869565217391 0.344555000692 0.00288701669018 0.225038468911 0.00761009996568 99 40 -0.127636286136 -0.2685167297806
bi 12 0.173324150597 4 -0.121212121212 66 26 0.0976331360947 0.308509602872 0.0021677269951 0.128834083354 0.00650013908366 54 20 -0.135185452275 -0.250046204566
bi 13 0.293650793651 4 0.142857142857 21 16 0.08203125 0.380397559682 0.00450026465304 0.37791348051 0.0107742848637 174 109.5 -0.086746766031 -0.235056337653
bi 14 0.213333333333 4 -0.0666666666667 30 18 0.0925925925926 0.350149322741 0.00362578432496 0.289233003624 0.00941791450566 96 33.5 -0.136815989408 -0.3558996702907
bi 15 0.204081632653 4 -0.0285714285714 35 19 0.0969529085873 0.338960286505 0.00324340300854 0.252294550859 0.00887410686468 89 49 -0.134878653852 -0.2808659794304
bi 16 0.295 3 0.3 20 15 0.0888888888889 0.3813490771 0.00449066127239 0.39152542666 0.0103667171604 175 171.5 -0.0863490771 -0.09152542666
bi 17 0.416454081633 4 0.357142857143 28 21 0.0634920634921 0.434386777323 0.00403178290635 0.407486239866 0.00900834385846 267 189 -0.01793269569 -0.050343382723
bi 18 0.197083333333 4 0.1 60 26 0.0887573964497 0.322664621875 0.00240662846148 0.159473377067 0.00700463428299 79 96 -0.125581288542 -0.059473377067
bi 19 0.186187255251 4 -0.0943396226415 53 23 0.100189035917 0.31671567128 0.00254030576059 0.164252018611 0.0073029482511 70 26.5 -0.130528416029 -0.2585916412525
bi 20 0.229444444444 4 0.0666666666667 30 18 0.0925925925926 0.360703202353 0.00382864833431 0.304067290574 0.00925157182724 105 86.5 -0.131258757909 -0.2374006239073
bi 21 0.11865234375 3 -0.0625 32 15 0.142222222222 0.282039375271 0.00324021532585 0.199715243487 0.00919930551223 19 35 -0.163387031521 -0.262215243487
bi 22 0.1179138322 2 0.238095238095 21 15 0.0933333333333 0.341855628363 0.0041152465128 0.328503105541 0.0103833688514 17 150.5 -0.223941796163 -0.090407867446
bi 23 0.0824652777778 3 -0.166666666667 24 13 0.14201183432 0.286483111741 0.00373835872575 0.238849718059 0.0104820810517 4 11 -0.2040178339632 -0.405516384726
bi 24 0.3144 4 0.2 25 19 0.0692520775623 0.39578522188 0.00409684898978 0.372310902703 0.00976779293787 194 134.5 -0.08138522188 -0.172310902703
bi 25 0.336033950617 6 0.277777777778 36 24 0.0625 0.417177315499 0.00355665500355 0.351841175357 0.00845529925946 211 163 -0.081143364882 -0.074063397579
bi 26 0.147462277092 3 -0.037037037037 27 16 0.10546875 0.326368333107 0.00380232576693 0.273791403253 0.00980742737641 36 44.5 -0.178906056015 -0.31082844029
bi 27 0.273051754908 5 0.0243902439024 41 26 0.060650887574 0.400233553733 0.00316989717585 0.309666713863 0.00768432977854 150 68.5 -0.127181798825 -0.2852764699606
bi 28 0.25642566568 5 -0.0192307692308 104 43 0.0562466197945 0.354599283732 0.00182366200564 0.13200346383 0.00511039126339 133 56 -0.098173618052 -0.1512342330608
bi 29 0.268432617188 5 -0.03125 64 32 0.0625 0.373812401927 0.00247370858701 0.218278740018 0.00652942211297 146 47 -0.105379784739 -0.249528740018
bi 30 0.175540123457 3 0.0555555555556 36 18 0.111111111111 0.316687849434 0.00314616519969 0.21664165583 0.00852008014813 55 82 -0.141147725977 -0.1610861002744
bi 31 0.23681640625 5 -0.125 32 19 0.0886426592798 0.356106183693 0.00354119384894 0.283967974251 0.00891772487172 114 18.5 -0.119289777443 -0.408967974251
bi 32 0.315643491124 6 0.0384615384615 52 33 0.0477502295684 0.420820324066 0.00292431764346 0.304822519234 0.00699215933139 195 75 -0.105176832942 -0.2663609807725
bi 33 0.292534722222 5 0.0555555555556 72 36 0.0555555555556 0.383200399457 0.00229934235301 0.214974518843 0.00606223231718 173 82 -0.090665677235 -0.1594189632874
bi 34 0.274519890261 5 -0.037037037037 54 31 0.0561914672216 0.395579670441 0.00278403497952 0.263823082061 0.00698286012216 152 44.5 -0.12105978018 -0.300860119098
bi 35 0.0714285714286 2 0.142857142857 14 8 0.21875 0.240479600445 0.00544219402165 0.310757218791 0.0138852576481 3 109.5 -0.1690510290164 -0.167900075934
bi 36 0.282142857143 4 0.114285714286 70 33 0.0642791551882 0.365459492088 0.00224179598353 0.194067301568 0.00615734598184 160 102 -0.083316634945 -0.079781587282
bi 37 0.283159800815 4 0.106382978723 47 26 0.0695266272189 0.380449788805 0.00295945603503 0.26538626663 0.00759416777744 163 98 -0.09728998799 -0.159003287907
bi 38 0.287396121884 5 0.0526315789474 76 38 0.0526315789474 0.388777364012 0.00233053101002 0.213117480094 0.00597915456238 168 79.5 -0.101381242128 -0.1604859011466
bi 39 0.386621315193 3 0.52380952381 21 19 0.0581717451524 0.426593374121 0.00474679705494 0.447433139424 0.0105186866263 249 237 -0.039972058928 0.076376384386
bi 40 0.261320153061 5 -0.0357142857143 56 29 0.0665873959572 0.369273250984 0.00266405047125 0.224118101823 0.00668900270722 139 46 -0.107953097923 -0.2598323875373
bi 41 0.362068965517 4 0.379310344828 29 24 0.0503472222222 0.432103486393 0.00388752981113 0.399438098263 0.00879567399012 232 197 -0.070034520876 -0.020127753435
bi 42 0.225714285714 4 0.0857142857143 35 19 0.0969529085873 0.338840031653 0.00322908174291 0.24743146158 0.0086333237359 102 92 -0.113125745939 -0.1617171758657
bi 43 0.2038 5 -0.16 50 25 0.08 0.347243973212 0.00266738896039 0.209993522887 0.00703376971365 88 12 -0.143443973212 -0.369993522887
bi 44 0.176033057851 4 -0.0545454545455 55 25 0.088 0.33119335782 0.00253876460557 0.179192798544 0.00699094535077 56 36 -0.155160299969 -0.2337382530895
bi 45 0.176440329218 4 -0.111111111111 54 22 0.111570247934 0.297541108118 0.00243096267671 0.140297044661 0.0076224021447 57 22 -0.1211007789 -0.251408155772
bi 46 0.3275 4 0.2 20 16 0.078125 0.395698919471 0.00461231339656 0.408157843591 0.0106412944842 207 134.5 -0.068198919471 -0.208157843591
bi 47 0.245522698875 3 0.224489795918 49 24 0.0850694444444 0.342400098587 0.00278348969224 0.206771656609 0.00739930336404 124 144 -0.096877399712 0.017718139309
bi 48 0.240784780024 3 0.172413793103 29 17 0.100346020761 0.339253754768 0.00378549328949 0.277660101273 0.00976103659357 121 120.5 -0.098468974744 -0.10524630817
bi 49 0.261880165289 4 0.0909090909091 44 23 0.0831758034026 0.354172736907 0.00285016923779 0.238148136129 0.00742609149935 140 94.5 -0.092292571618 -0.1472390452199
bi 50 0.157959183673 4 -0.0285714285714 35 18 0.108024691358 0.323299397623 0.00320127292597 0.240452595225 0.00867976714161 42 49 -0.16534021395 -0.2690240237964
bi 51 0.131487889273 4 -0.235294117647 34 17 0.117647058824 0.302938951905 0.00318690247995 0.210029938785 0.00872890953774 29 3 -0.171451062632 -0.445324056432
bi 52 0.18234345606 5 -0.213114754098 61 24 0.105902777778 0.301312753807 0.00224495196441 0.131272780224 0.00669814268201 65 5 -0.118969297747 -0.344387534322
bi 53 0.195419393218 4 -0.0243902439024 41 21 0.092970521542 0.33486722771 0.00293103397415 0.221020007441 0.00806640698686 74 52 -0.139447834492 -0.2454102513434
bi 54 0.106575963719 4 -0.285714285714 42 19 0.116343490305 0.297464960065 0.00291222222071 0.172911496204 0.00839365481352 11 2 -0.190888996346 -0.458625781918
bi 55 0.167613636364 4 0.0454545454545 44 19 0.12188365651 0.297927706938 0.00282330102089 0.17169305342 0.00811715251251 48 77 -0.130314070574 -0.1262385079655
bi 56 0.125708884688 3 0.0434782608696 46 19 0.127423822715 0.279369729253 0.00270202645643 0.134495899551 0.00820677207131 24 76 -0.153660844565 -0.0910176386814
bi 57 0.10707420223 3 0.176470588235 51 21 0.115646258503 0.287456777435 0.00252158193485 0.131355526033 0.00757636271399 12 123 -0.180382575205 0.045115062202
bi 58 0.151123422592 5 -0.228070175439 57 24 0.0989583333333 0.308576846926 0.00230784724252 0.144582185411 0.00698213135154 38 4 -0.157453424334 -0.37265236085
bi 59 0.268078889701 4 0.189189189189 37 22 0.0764462809917 0.371387393804 0.00330964834972 0.284802594742 0.00814608804532 145 129.5 -0.103308504103 -0.095613405553
bi 60 0.173 4 0 50 23 0.0945179584121 0.322719795974 0.00275113707385 0.175952189934 0.00720710382387 52 62.5 -0.149719795974 -0.175952189934
bi 61 0.167063020214 3 0.103448275862 29 16 0.11328125 0.316417326035 0.00343430814445 0.250615999577 0.00915415393736 47 97 -0.149354305821 -0.147167723715
bi 62 0.136823319453 4 0.0243902439024 41 19 0.113573407202 0.305654186528 0.00297413787559 0.180996944322 0.0082719455992 30 68.5 -0.168830867075 -0.1566067004196
bi 63 0.121374779683 4 -0.189873417722 79 26 0.116863905325 0.269991194808 0.00189455972391 0.0611873673833 0.00662414280558 21 9 -0.148616415125 -0.2510607851053
bi 64 0.2771875 4 0.25 40 23 0.0756143667297 0.372896062902 0.00313522984972 0.276068331211 0.00807336204465 157 154.5 -0.095708562902 -0.026068331211
bi 65 0.197238658777 4 -0.025641025641 39 20 0.0975 0.334883505985 0.00309253288902 0.231692464597 0.008233700235 80 51 -0.137644847208 -0.257333490238
bi 66 0.274691358025 5 0 36 21 0.0816326530612 0.371002684558 0.003379094727 0.285743380736 0.00843361748392 153 62.5 -0.096311326533 -0.285743380736
bi 67 0.110124917817 2 0.230769230769 39 17 0.134948096886 0.279774544727 0.00288123546539 0.156555312653 0.00839435700418 14 146.5 -0.16964962691 0.074213918116
bi 68 0.228191000918 3 0.212121212121 33 18 0.101851851852 0.337235349452 0.00329352908917 0.256776789106 0.00880592012615 104 140 -0.109044348534 -0.044655576985
bi 69 0.146044021416 4 -0.0731707317073 41 20 0.1025 0.318160705124 0.00295347557485 0.203671729621 0.00829009151508 35 30.5 -0.172116683708 -0.2768424613283
bi 70 0.181519357195 4 -0.135135135135 37 20 0.0925 0.34122152076 0.00312777050056 0.244557397068 0.00806447638324 64 17 -0.159702163565 -0.379692532203
bi 71 0.138483965015 3 -0.0204081632653 49 21 0.111111111111 0.302018401688 0.00244578163002 0.157714438386 0.00733209484309 31 54.5 -0.163534436673 -0.1781226016513
bi 72 0.235493058028 3 0.283018867925 53 24 0.0920138888889 0.329795128119 0.00257383211969 0.182450313611 0.00703580366581 112 165 -0.094302070091 0.100568554314
bi 73 0.159867854065 4 -0.152542372881 59 24 0.102430555556 0.307899612792 0.00236944805554 0.140134590153 0.00703343149873 43 15 -0.148031758727 -0.292676963034
bi 74 0.119834710744 4 -0.2 55 22 0.113636363636 0.291056836832 0.00241463864553 0.12902774154 0.00738955321011 20 8 -0.171222126088 -0.32902774154
bi 75 0.33367768595 5 0.272727272727 22 17 0.076124567474 0.405101962444 0.0045625654751 0.402660083319 0.0103358503012 209 161 -0.071424276494 -0.129932810592
bi 76 0.557851239669 4 0.636363636364 11 13 0.0650887573964 0.446350793593 0.00667036015066 0.57733761637 0.0142857513744 286 261 0.111500446076 0.0590260199939999
bi 77 0.201183431953 3 0.0769230769231 13 10 0.13 0.323158334568 0.00576798164984 0.402533522735 0.0138092590145 84 88 -0.121974902615 -0.3256104458119
bi 78 0.295792936288 5 0 76 40 0.0475 0.405730338158 0.00244448215656 0.234859946067 0.0059155900256 177 62.5 -0.10993740187 -0.234859946067
bi 79 0.237155219037 3 0.209302325581 43 24 0.0746527777778 0.363383349104 0.00304629007363 0.247348075225 0.00757503207254 115 139 -0.126228130067 -0.038045749644
bi 80 0.127614008566 3 -0.015873015873 63 24 0.109375 0.288511284866 0.00216342155559 0.107566223249 0.00685756233961 25 58 -0.1608972763 -0.123439239122
bi 81 0.216836734694 3 0.142857142857 28 19 0.0775623268698 0.368209835665 0.00360657889156 0.321102065215 0.00870437681464 98 109.5 -0.151373100971 -0.178244922358
bi 82 0.237764791819 4 0.135135135135 37 21 0.0839002267574 0.357742307936 0.00341349561665 0.265506717064 0.00838001227209 116 106 -0.119977516117 -0.130371581929
bi 83 0.318333333333 6 0.0666666666667 30 22 0.0619834710744 0.411630982565 0.00380380751745 0.363709713344 0.00891274398326 197 86.5 -0.093297649232 -0.2970430466773
bi 84 0.170355902778 4 0.166666666667 48 25 0.0768 0.345809805892 0.00276938868287 0.215043614305 0.00754191571077 50 118.5 -0.175453903114 -0.048376947638
bi 85 0.171714440238 3 0.162790697674 43 22 0.0888429752066 0.32822196065 0.00288227340716 0.207936925366 0.00770415193507 51 117 -0.156507520412 -0.045146227692
bi 86 0.288265306122 4 0.142857142857 42 27 0.0576131687243 0.39767957334 0.0030471955767 0.306659175071 0.00741011355591 169 109.5 -0.109414267218 -0.163802032214
bi 87 0.238265306122 4 0.0285714285714 70 34 0.060553633218 0.36553642773 0.00237701813551 0.193865351211 0.00616265521719 117 71 -0.127271121608 -0.1652939226396
bi 88 0.238350591716 3 0.307692307692 52 29 0.0618311533888 0.374633621315 0.00258456402742 0.24261731015 0.00697123564475 118 176.5 -0.136283029599 0.065074997542
bi 89 0.247662742382 4 0.0789473684211 76 32 0.07421875 0.336528761055 0.0021490052396 0.143394185072 0.00613565855829 125 89 -0.088866018673 -0.0644468166509
bi 90 0.255917547384 7 -0.0841121495327 107 44 0.0552685950413 0.355830453813 0.00184833474436 0.124721547663 0.00504209659379 131 29 -0.099912906429 -0.2088336971957
bi 91 0.183858501784 3 0.172413793103 58 24 0.100694444444 0.305032908427 0.00232173027238 0.137967466548 0.00726858596595 68 120.5 -0.121174406643 0.034446326555
bi 92 0.221629828402 5 -0.0924369747899 119 44 0.0614669421488 0.333954148459 0.00169673311052 0.0905897488043 0.00496220108555 101 28 -0.112324320057 -0.1830267235942
bi 93 0.311409270032 4 0.205479452055 73 39 0.0479947403024 0.402082981778 0.00236326929161 0.237388328058 0.00579657347078 192 138 -0.090673711746 -0.031908876003
bi 94 0.3953125 5 0.3 40 28 0.0510204081633 0.439484732528 0.00337074318194 0.365670354765 0.00752717169685 256 171.5 -0.044172232528 -0.065670354765
bi 95 0.28051035503 5 -0.0384615384615 52 29 0.0618311533888 0.3841276342 0.00283838538995 0.253712206406 0.00706663592625 158 43 -0.10361727917 -0.2921737448675
bi 96 0.242506377551 4 0.107142857143 56 30 0.0622222222222 0.37365602785 0.00252021445208 0.232474045171 0.00656219738324 123 99 -0.131149650299 -0.125331188028
bi 97 0.36 3 0.4 10 10 0.1 0.360592931828 0.00643912597108 0.486190017396 0.0151076975596 227 205.5 -0.000592931828000021 -0.086190017396
bi 98 0.297731568998 3 0.304347826087 23 16 0.08984375 0.377364318513 0.00436585226065 0.361564010809 0.0104135926764 179 174.5 -0.079632749515 -0.057216184722
bi 99 0.123168945312 3 0.03125 64 23 0.120982986767 0.279979002059 0.00217366807917 0.0996101071762 0.00693768864982 22 73 -0.156810056747 -0.0683601071762
bi 100 0.112947034857 3 -0.106382978723 47 24 0.0815972222222 0.32795679408 0.00277339435932 0.190940415061 0.00750051528915 15 23 -0.215009759223 -0.297323393784
bi 101 0.297839506173 5 0 18 14 0.0918367346939 0.373687756529 0.00505432119283 0.403380044819 0.0118767072649 180 62.5 -0.075848250356 -0.403380044819
bi 102 0.455 3 0.6 10 11 0.0826446280992 0.394410626582 0.00686354995576 0.537840061246 0.0149683111674 278 256 0.060589373418 0.0621599387539999
bi 103 0.0955856176575 3 -0.0943396226415 53 20 0.1325 0.274282120463 0.00240894443686 0.116016826907 0.00769061475831 5 26.5 -0.1786965028055 -0.2103564495485
bi 104 0.26875 5 0 20 15 0.0888888888889 0.382853395453 0.00465614046251 0.396393321735 0.0108380801131 147 62.5 -0.114103395453 -0.396393321735
bi 105 0.2115625 4 -0.05 40 20 0.1 0.330692616124 0.00299459729674 0.224010478481 0.00814091749039 94 38 -0.119130116124 -0.274010478481
bi 106 0.131242568371 4 -0.172413793103 58 24 0.100694444444 0.302582871747 0.00234718410559 0.131214149639 0.00689964056675 28 10 -0.171340303376 -0.303627942742
bi 107 0.220486111111 4 0 24 16 0.09375 0.347108568323 0.0040031866779 0.320812991808 0.010147209584 100 62.5 -0.126622457212 -0.320812991808
bi 108 0.201374427322 4 -0.0204081632653 49 23 0.0926275992439 0.329135159011 0.00286733398041 0.189288001469 0.00773604453099 86 54.5 -0.127760731689 -0.2096961647343
bi 109 0.181397928994 5 -0.153846153846 52 24 0.0902777777778 0.324476156408 0.00251093549537 0.178624871339 0.00715434145474 63 14 -0.143078227414 -0.332471025185
bi 110 0.201368233195 4 -0.0731707317073 41 21 0.092970521542 0.341158632635 0.00291838446301 0.229899761489 0.00760222431821 85 30.5 -0.13979039944 -0.3030704931963
bi 111 0.264542936288 3 0.473684210526 19 14 0.0969387755102 0.363426123821 0.0048800790529 0.376659865771 0.0117798020103 143 223 -0.098883187533 0.097024344755
bi 112 0.1953125 3 0.125 16 12 0.111111111111 0.336267591272 0.00507086766862 0.376334247002 0.012441140635 73 104 -0.140955091272 -0.251334247002
